Number of electrons: 4
Number of plane waves: 93
0 0.0602919
1 0.0587918
2 0.0565187
3 0.0565187
4 0.0565186
5 0.0565186
6 0.0565186
7 0.0565186
8 0.0565186
9 0.0565186
10 0.0565186
11 0.0565186
12 0.0565186
13 0.0565186
14 0.0565186
15 0.0565186
16 0.0565186
17 0.0565186
18 0.0565186
19 0.0565185
20 0.0565186
21 0.0565108
22 0.0564781
23 0.0563925
24 0.0563735
25 0.0563482
26 0.0562275
27 0.0561108
28 0.0560845
29 0.0560822
30 0.056082
31 0.056082
32 0.056082
33 0.056082
34 0.056082
35 0.056082
36 0.056082
37 0.056082
