Number of electrons: 4
Number of plane waves: 33
0 6.02919
1 4.52407
2 2.10319
3 2.10372
4 2.10069
5 1.97255
6 2.11645
7 1.22337
8 2.00479
9 1.19971
10 1.08917
11 1.07454
12 1.07254
13 1.07227
14 1.07223
15 1.07223
16 1.07223
17 1.07223
18 1.07223
19 1.07223
20 1.07223
21 1.07223
22 1.07223
23 1.07223
24 1.07223
25 1.07223
26 1.07221
27 1.07212
28 1.07129
29 1.06422
30 1.00438
31 0.662144
32 -0.116519
33 -0.7313
34 -0.998837
35 -1.09749
36 -1.13181
37 -1.14361
38 -1.14764
39 -1.14902
40 -1.14949
41 -1.14965
42 -1.1497
43 -1.14972
44 -1.14972
45 -1.14973
46 -1.14973
47 -1.14973
48 -1.14973
