Number of electrons: 14
Wigner-Seitz radius: 4
Number of plane waves: 81
0 0.0700567
1 0.0670075
2 0.0654828
3 0.0647205
4 0.0643394
5 0.0641488
6 0.0640535
7 0.0640059
8 0.063982
9 0.0639701
10 0.0639642
11 0.0639612
12 0.0639597
13 0.063959
14 0.0639586
15 0.0639584
16 0.0639583
17 0.0639583
18 0.0639582
19 0.0639582
20 0.0639582
21 0.0639582
22 0.0639582
Wigner-Seitz radius: 4.5
Number of plane waves: 81
0 0.0553535
1 0.0532119
2 0.0521411
3 0.0516057
4 0.051338
5 0.0512041
6 0.0511372
7 0.0511037
8 0.051087
9 0.0510787
10 0.0510745
11 0.0510724
12 0.0510713
13 0.0510708
14 0.0510705
15 0.0510704
16 0.0510704
17 0.0510703
18 0.0510703
19 0.0510703
20 0.0510703
21 0.0510703
22 0.0510703
Wigner-Seitz radius: 5
Number of plane waves: 81
0 0.0448363
1 0.0432751
2 0.0424945
3 0.0421042
4 0.041909
5 0.0418114
6 0.0417627
7 0.0417383
8 0.0417261
9 0.04172
10 0.0417169
11 0.0417154
12 0.0417146
13 0.0417143
14 0.0417141
15 0.041714
16 0.0417139
17 0.0417139
18 0.0417139
19 0.0417139
20 0.0417139
21 0.0417139
22 0.0417139
