Number of electrons: 4
Number of plane waves: 27
0 0.015073
1 0.0148855
2 0.0146042
3 0.0146017
4 0.0145991
5 0.0145964
6 0.0145935
7 0.0145912
8 0.0145896
9 0.0145887
10 0.0145882
11 0.014588
12 0.0145879
13 0.0145878
14 0.0145878
15 0.0145878
16 0.0145878
17 0.0145878
18 0.0145878
19 0.0145877
20 0.0145855
21 0.0145675
22 0.0145581
23 0.0145572
24 0.0145571
25 0.0145571
26 0.0145571
27 0.0145571
28 0.0145571
29 0.0145571
30 0.0145571
Number of electrons: 6
Number of plane waves: 33
0 0.0153371
1 0.0151704
2 0.0148679
3 0.0148675
4 0.0148675
5 0.0148674
6 0.0148674
7 0.0148674
8 0.0148674
9 0.0148674
10 0.0148673
11 0.0148672
12 0.0148669
13 0.0148664
14 0.0148646
15 0.0148544
16 0.0148487
17 0.014848
18 0.014848
19 0.014848
20 0.014848
21 0.014848
22 0.014848
23 0.014848
24 0.014848
25 0.014848
Number of electrons: 8
Number of plane waves: 57
0 0.0142431
1 0.0141024
2 0.0138026
3 0.0138026
4 0.0138026
5 0.0138026
6 0.0138026
